
         0          0          0          0          0          0          0          0          0          0          0          0          0          0          0          0          0          0          0          0          0          0          0          0          0          0          0          0          0          0          0          0          0          0          0          0          0          0          0          0          0          0          0          0          0          0          0          0          0          0          0          0          0          0          0          0          0          0          0          0          0          0          0          0          0          0          0          0          0          0          0          0          0          0          0          0          0          0          0          0          0          0          0          0          0          0          0          0          0          0          0          0          0          0          0          0          0          0          0          0 
         0 9.87023e-05 0.000197425 0.000296147 0.000394926 0.000493699 0.000592561  0.0006914 0.000790344 0.000889237 0.000988233 0.00108713  0.0011861  0.0012849 0.00138373 0.00148228 0.00158077 0.00167885 0.00177675 0.00187406 0.00197103  0.0020672 0.00216283  0.0022574 0.00235118  0.0024436 0.00253495 0.00262459 0.00271283 0.00279899 0.00288336 0.00296525 0.00304495 0.00312173  0.0031959  0.0032667 0.00333445 0.00339838 0.00345884 0.00351503 0.00356735 0.00361499 0.00365837 0.00369671 0.00373048  0.0037589 0.00378248  0.0038005 0.00381349 0.00382078 0.00382295 0.00381937 0.00381067 0.00379626 0.00377682 0.00375181 0.00372195 0.00368674 0.00364693 0.00360208 0.00355295 0.00349913 0.00344141  0.0033794  0.0033139 0.00324455 0.00317213 0.00309631 0.00301786 0.00293645 0.00285282 0.00276667  0.0026787 0.00258862 0.00249709 0.00240383 0.00230944 0.00221366 0.00211704 0.00201932 0.00192101 0.00182187 0.00172233 0.00162216 0.00152176 0.00142091 0.00131995 0.00121868 0.00111738 0.00101586 0.000914377 0.000812757 0.000711193 0.000609548 0.000507963 0.000406335 0.000304755 0.000203154 0.00010158          0 
         0 0.000197425 0.00039485 0.000592356 0.000789858 0.000987511 0.00118514 0.00138297 0.00158074 0.00177873 0.00197657 0.00217461 0.00237238 0.00257028 0.00276774 0.00296519 0.00316196 0.00335852 0.00355408 0.00374916 0.00394287 0.00413572 0.00432672 0.00451642 0.00470372 0.00488918  0.0050716 0.00525155 0.00542774 0.00560076 0.00576922 0.00593373 0.00609283 0.00624716 0.00639518 0.00653757 0.00667274  0.0068014 0.00692195 0.00703515 0.00713938 0.00723545 0.00732178 0.00739924 0.00746629 0.00752389 0.00757053 0.00760728  0.0076327 0.00764794 0.00765167 0.00764512 0.00762705  0.0075988 0.00755921 0.00750971 0.00744925  0.0073793 0.00729892 0.00720964 0.00711059 0.00700334  0.0068871 0.00676345 0.00663165 0.00649329 0.00634767 0.00619634 0.00603867 0.00587615 0.00570816 0.00553615 0.00535952 0.00517963 0.00499592 0.00480965 0.00462028 0.00442896 0.00423517 0.00403998 0.00384287  0.0036448 0.00344528 0.00324517 0.00304398 0.00284248 0.00264023 0.00243785 0.00223496 0.00203209 0.00182889 0.00162578 0.00142247 0.00121928 0.00101597 0.000812781 0.000609531 0.000406361 0.000203166          0 
         0 0.000296147 0.000592356 0.000888568 0.00118496 0.00148135   0.001778 0.00207461 0.00237155 0.00266836  0.0029655 0.00326235 0.00355948  0.0038561 0.00415285 0.00444878 0.00474459 0.00503918 0.00533328 0.00562565 0.00591706 0.00620609 0.00649354 0.00677785 0.00705985 0.00733781 0.00761258 0.00788228 0.00814779 0.00840709 0.00866108 0.00890763 0.00914764 0.00937889 0.00960234 0.00981565  0.0100198  0.0102125  0.0103948  0.0105642   0.010722  0.0108657  0.0109965  0.0111122  0.0112141  0.0112998   0.011371  0.0114254  0.0114646  0.0114866  0.0114932  0.0114824  0.0114561  0.0114127   0.011354  0.0112786  0.0111885  0.0110823  0.0109622   0.010827  0.0106788  0.0105166  0.0103425  0.0101556 0.00995824 0.00974928  0.0095311 0.00930272 0.00906644 0.00882131 0.00856954 0.00831024 0.00804551 0.00777447 0.00749911 0.00721859 0.00693474 0.00664674 0.00635628 0.00606257 0.00576712  0.0054692 0.00517014 0.00486924 0.00456769 0.00426481 0.00396163 0.00365754  0.0033534 0.00304865 0.00274402   0.002439 0.00213417 0.00182912 0.00152426 0.00121929 0.000914468 0.000609593 0.000304804          0 
         0 0.000394926 0.000789858 0.00118496 0.00158007  0.0019755 0.00237092 0.00276676  0.0031625 0.00355873 0.00395471 0.00435113 0.00474708 0.00514333 0.00553876 0.00593424 0.00632843 0.00672227 0.00711421 0.00750525 0.00789362 0.00828037 0.00866351 0.00904413 0.00942003 0.00979233  0.0101586  0.0105201   0.010874  0.0112218  0.0115604  0.0118912  0.0122112  0.0125217  0.0128196  0.0131063  0.0133784  0.0136376  0.0138805  0.0141086  0.0143187  0.0145123  0.0146864  0.0148427  0.0149779  0.0150941  0.0151883  0.0152624  0.0153137  0.0153445  0.0153521  0.0153389  0.0153025  0.0152455  0.0151657  0.0150658  0.0149439  0.0148028  0.0146408  0.0144608  0.0142612  0.0140451  0.0138109  0.0135618  0.0132964  0.0130178  0.0127247  0.0124202  0.0121031  0.0117762  0.0114385  0.0110927  0.0107378  0.0103764  0.0100075 0.00963348 0.00925335 0.00886943 0.00848064 0.00808913 0.00769387 0.00729677 0.00689685 0.00649581 0.00609272 0.00568906 0.00528396 0.00487868 0.00447244 0.00406629 0.00365953   0.003253  0.0028461 0.00243949 0.00203268 0.00162612 0.00121946 0.000812979 0.000406459          0 
         0 0.000493699 0.000987511 0.00148135  0.0019755 0.00246968 0.00296436   0.003459 0.00395425 0.00444934 0.00494505 0.00544038 0.00593625 0.00643138  0.0069268 0.00742099 0.00791508 0.00840727 0.00889878 0.00938753 0.00987481  0.0103583  0.0108392  0.0113151  0.0117873  0.0122529  0.0127132  0.0131653  0.0136105  0.0140455  0.0144717  0.0148856  0.0152886  0.0156771  0.0160527  0.0164113  0.0167547  0.0170789  0.0173856  0.0176709  0.0179366  0.0181786  0.0183991  0.0185941  0.0187658  0.0189105  0.0190305  0.0191223  0.0191885  0.0192257  0.0192368  0.0192186  0.0191744  0.0191012  0.0190023  0.0188752  0.0187234  0.0185444  0.0183421  0.0181143  0.0178648  0.0175916  0.0172987  0.0169843  0.0166523  0.0163009  0.0159342  0.0155504  0.0151536   0.014742  0.0143194  0.0138844  0.0134404   0.012986  0.0125245  0.0120545  0.0115791   0.011097  0.0106109  0.0101195 0.00962531 0.00912716 0.00862727 0.00812444 0.00762064 0.00711475 0.00660848 0.00610079 0.00559313 0.00508455 0.00457623 0.00406736 0.00355886 0.00305006 0.00254163 0.00203305 0.00152476  0.0010164 0.000508211          0 
         0 0.000592561 0.00118514   0.001778 0.00237092 0.00296436 0.00355783 0.00415202 0.00474615  0.0053411 0.00593579 0.00653126 0.00712616 0.00772165 0.00831608 0.00891073 0.00950364  0.0100962  0.0106861  0.0112749  0.0118598  0.0124425  0.0130201   0.013594  0.0141611  0.0147231  0.0152762  0.0158222  0.0163572   0.016883  0.0173953   0.017896  0.0183806   0.018851  0.0193026  0.0197372  0.0201502  0.0205435  0.0209123  0.0212588  0.0215781  0.0218725  0.0221373   0.022375  0.0225809  0.0227577  0.0229011   0.023014  0.0230922  0.0231392  0.0231508  0.0231307  0.0230754  0.0229887  0.0228673  0.0227154  0.0225299  0.0223154   0.022069  0.0217955  0.0214921  0.0211638  0.0208082  0.0204301  0.0200274  0.0196049  0.0191606  0.0186992  0.0182188  0.0177239  0.0172128  0.0166899  0.0161533  0.0156072    0.01505  0.0144853  0.0139117  0.0133325  0.0127463  0.0121563  0.0115608  0.0109627  0.0103606 0.00975709 0.00915065 0.00854353 0.00793443 0.00732523 0.00671473 0.00610451 0.00549349 0.00488293 0.00427194 0.00366145 0.00305074 0.00244048 0.00183012 0.00122007 0.000609982          0 
         0  0.0006914 0.00138297 0.00207461 0.00276676   0.003459 0.00415202  0.0048451 0.00553915 0.00623311  0.0069281 0.00762272 0.00831828   0.009013 0.00970836  0.0104022  0.0110962  0.0117878  0.0124787   0.013166  0.0138515   0.014532  0.0152093  0.0158798  0.0165454  0.0172021  0.0178518  0.0184901   0.019119  0.0197339  0.0203367  0.0209225  0.0214932  0.0220437  0.0225761  0.0230848  0.0235722  0.0240326  0.0244684  0.0248739  0.0252517  0.0255961    0.02591  0.0261877  0.0264323  0.0266385  0.0268096  0.0269404  0.0270349   0.027088  0.0271039  0.0270782  0.0270152   0.026911  0.0267702  0.0265892   0.026373  0.0261183  0.0258305  0.0255064  0.0251516  0.0247633  0.0243471  0.0239005  0.0234292  0.0229307  0.0224107  0.0218669  0.0213047  0.0207221  0.0201242   0.019509  0.0188815  0.0182397  0.0175882  0.0169251  0.0162548  0.0155752  0.0148904  0.0141985   0.013503  0.0128023  0.0120994  0.0113926  0.0106848 0.00997431 0.00926352 0.00855096 0.00783866 0.00712526 0.00641241 0.00569895 0.00498616 0.00427306  0.0035606 0.00284801 0.00213591 0.00142377 0.000711887          0 
         0 0.000790344 0.00158074 0.00237155  0.0031625 0.00395425 0.00474615 0.00553915 0.00633223 0.00712657 0.00792078 0.00871626 0.00951122  0.0103072  0.0111021  0.0118977  0.0126912  0.0134846  0.0142748  0.0150639  0.0158483  0.0166301  0.0174054  0.0181764  0.0189386  0.0196943  0.0204387   0.021174  0.0218949  0.0226039  0.0232952  0.0239713  0.0246261  0.0252622  0.0258732  0.0264616  0.0270212  0.0275544  0.0280547   0.028525  0.0289587  0.0293588  0.0297188  0.0300421  0.0303222   0.030563  0.0307583  0.0309121  0.0310188  0.0310828  0.0310988  0.0310716  0.0309964  0.0308785  0.0307134  0.0305068  0.0302546  0.0299629  0.0296281  0.0292564  0.0288445  0.0283988  0.0279164  0.0274038  0.0268581  0.0262859  0.0256846  0.0250604  0.0244111  0.0237426  0.0230528  0.0223473   0.021624  0.0208883   0.020138  0.0193783   0.018607  0.0178288  0.0170415  0.0162495  0.0154506  0.0146488   0.013842  0.0130335  0.0122216  0.0114092  0.0105944 0.00977973 0.00896366 0.00814821 0.00733195 0.00651652 0.00570069 0.00488571 0.00407059 0.00325617 0.00244173 0.00162776 0.000813798          0 
         0 0.000889237 0.00177873 0.00266836 0.00355873 0.00444934  0.0053411 0.00623311 0.00712657 0.00802015 0.00891532 0.00981032  0.0107068  0.0116026  0.0124996  0.0133951  0.0142911  0.0151845  0.0160775  0.0169664  0.0178536  0.0187347  0.0196123  0.0204817  0.0213453  0.0221979  0.0230421  0.0238722  0.0246907  0.0254915  0.0262772  0.0270413  0.0277864  0.0285056  0.0292017  0.0298674  0.0305056   0.031109  0.0316805  0.0322128  0.0327089  0.0331615  0.0335741  0.0339395  0.0342615   0.034533  0.0347584  0.0349309  0.0350554  0.0351256  0.0351468  0.0351131  0.0350303  0.0348932   0.034708  0.0344699  0.0341855  0.0338507  0.0334723  0.0330466  0.0325807  0.0320711  0.0315253    0.03094  0.0303226  0.0296702  0.0289899  0.0282792   0.027545  0.0267847   0.026005  0.0252034  0.0243864  0.0235515  0.0227045  0.0218431  0.0209729  0.0200914  0.0192036  0.0183073  0.0174069  0.0165003  0.0155913  0.0146779  0.0137636  0.0128463  0.0119291  0.0110099  0.0100915 0.00917198 0.00825349 0.00733448 0.00641658 0.00549851 0.00458144 0.00366436 0.00274803 0.00183175 0.000915863          0 
         0 0.000988233 0.00197657  0.0029655 0.00395471 0.00494505 0.00593579  0.0069281 0.00792078 0.00891532 0.00991005  0.0109067  0.0119031  0.0129013  0.0138986  0.0148971  0.0158937  0.0168907  0.0178844  0.0188772  0.0198648  0.0208498  0.0218275  0.0228003  0.0237629   0.024718  0.0256596  0.0265905   0.027504  0.0284032  0.0292808  0.0301397  0.0309725   0.031782  0.0325605  0.0333108  0.0340249  0.0347059  0.0353456  0.0359472  0.0365025  0.0370151  0.0374767  0.0378914  0.0382511  0.0385603  0.0388113  0.0390091  0.0391464  0.0392288  0.0392496  0.0392149  0.0391186  0.0389672  0.0387555  0.0384903   0.038167   0.037793  0.0373639  0.0368877  0.0363605  0.0357903  0.0351736  0.0345186  0.0338221  0.0330921  0.0323258   0.031531  0.0307049  0.0298552  0.0289791  0.0280838  0.0271668  0.0262349  0.0252854  0.0243246    0.02335  0.0223675  0.0213743  0.0203758  0.0193695  0.0183601  0.0173451  0.0163287  0.0153086  0.0142883  0.0132656  0.0122437  0.0112204  0.0101983 0.00917552 0.00815418 0.00713265 0.00611245  0.0050923 0.00407324 0.00305429 0.00203606 0.00101791          0 
         0 0.00108713 0.00217461 0.00326235 0.00435113 0.00544038 0.00653126 0.00762272 0.00871626 0.00981032  0.0109067  0.0120033  0.0131023   0.014201  0.0153016  0.0164011  0.0175019  0.0186002  0.0196988  0.0207931   0.021886  0.0229724  0.0240554  0.0251291  0.0261966  0.0272516   0.028297   0.029326  0.0303416  0.0313363  0.0323132  0.0332642  0.0341925  0.0350895  0.0359584  0.0367904  0.0375887  0.0383442  0.0390604  0.0397281  0.0403508  0.0409196  0.0414384  0.0418982  0.0423036  0.0426458  0.0429298  0.0431476  0.0433048  0.0433936  0.0434204  0.0433783  0.0432742  0.0431018  0.0428686   0.042569  0.0422113  0.0417903  0.0413147  0.0407799   0.040195  0.0395559  0.0388717  0.0381387  0.0373661  0.0365506   0.035701  0.0348142  0.0338989  0.0329521  0.0319821   0.030986  0.0299716  0.0289359  0.0278863  0.0268199  0.0257435  0.0246541   0.023558  0.0224522  0.0213423  0.0202255  0.0191068  0.0179833  0.0168594  0.0157326  0.0146065  0.0134787  0.0123523  0.0112252  0.0100997 0.00897405 0.00785013 0.00672634 0.00560404 0.00448199 0.00336103 0.00224028  0.0011201          0 
         0  0.0011861 0.00237238 0.00355948 0.00474708 0.00593625 0.00712616 0.00831828 0.00951122  0.0107068  0.0119031  0.0131023  0.0143018  0.0155041  0.0167059    0.01791  0.0191126  0.0203166  0.0215174  0.0227181  0.0239136   0.025107  0.0262925  0.0274733  0.0286428  0.0298044  0.0309508  0.0320853     0.0332  0.0342982  0.0353714  0.0364229  0.0374437  0.0384369  0.0393932  0.0403159  0.0411952  0.0420344  0.0428237  0.0435666  0.0442532  0.0448873  0.0454591  0.0459729  0.0464192  0.0468029  0.0471147  0.0473605  0.0475314   0.047634  0.0476603  0.0476174  0.0474982  0.0473106  0.0470481  0.0467194  0.0463188  0.0458555  0.0453245  0.0447354  0.0440837  0.0433794  0.0426185  0.0418109  0.0409532  0.0400551  0.0391133  0.0381375  0.0371244  0.0360834  0.0350114  0.0339171  0.0327975  0.0316609  0.0305041  0.0293348  0.0281499  0.0269564  0.0257513  0.0245408   0.023322  0.0221004   0.020873  0.0196449  0.0184132  0.0171821   0.015949  0.0147175   0.013485  0.0122546  0.0110241 0.00979564 0.00856748 0.00734131 0.00611555 0.00489137 0.00366757 0.00244478 0.00122222          0 
         0  0.0012849 0.00257028  0.0038561 0.00514333 0.00643138 0.00772165   0.009013  0.0103072  0.0116026  0.0129013   0.014201  0.0155041  0.0168076  0.0181143  0.0194205  0.0207292   0.022036  0.0233441  0.0246484  0.0259521  0.0272495  0.0285439  0.0298287  0.0311073  0.0323724  0.0336275  0.0348644  0.0360865  0.0372851  0.0384635  0.0396124   0.040735  0.0418213  0.0428748  0.0438849  0.0448552  0.0457747  0.0466472  0.0474617  0.0482221  0.0489174   0.049552  0.0501152  0.0506119  0.0510318  0.0513804  0.0516481  0.0518412  0.0519508  0.0519841  0.0519329  0.0518054  0.0515943  0.0513085  0.0509417  0.0505036  0.0499885  0.0494068  0.0487534  0.0480391  0.0472595  0.0464256  0.0455334  0.0445938  0.0436033  0.0425725   0.041498  0.0403902  0.0392458  0.0380747  0.0368736  0.0356518   0.034406  0.0331449  0.0318652  0.0305748  0.0292704  0.0279591  0.0266378  0.0253128  0.0239809  0.0226477  0.0213102  0.0199732  0.0186337   0.017296  0.0159572  0.0146208  0.0132843  0.0119504   0.010617 0.00928612 0.00795588 0.00662782 0.00530038  0.0039745 0.00264907 0.00132446          0 
         0 0.00138373 0.00276774 0.00415285 0.00553876  0.0069268 0.00831608 0.00970836  0.0111021  0.0124996  0.0138986  0.0153016  0.0167059  0.0181143  0.0195232  0.0209358  0.0223477  0.0237624  0.0251747  0.0265882   0.027997  0.0294048  0.0308049  0.0322009  0.0335853  0.0349619  0.0363223  0.0376702  0.0389965  0.0403048  0.0415852  0.0428413  0.0440625  0.0452524  0.0463997  0.0475081  0.0485659  0.0495767  0.0505288  0.0514259   0.052256  0.0530235  0.0537165  0.0543397  0.0548816  0.0553478  0.0557272  0.0560262  0.0562347  0.0563598  0.0563923  0.0563406  0.0561962  0.0559685  0.0556501  0.0552512  0.0547654  0.0542038  0.0535606  0.0528476  0.0520597   0.051209   0.050291  0.0493178  0.0482855  0.0472059  0.0460753  0.0449054  0.0436926  0.0424479   0.041168  0.0398631    0.03853  0.0371782  0.0358044  0.0344173  0.0330137  0.0316014  0.0301771   0.028748  0.0273106  0.0258713  0.0244268  0.0229827  0.0215356  0.0200904   0.018644  0.0172004  0.0157567  0.0143162  0.0128764  0.0114398  0.0100041 0.00857131 0.00713946 0.00570985   0.004281 0.00285356 0.00142654          0 
         0 0.00148228 0.00296519 0.00444878 0.00593424 0.00742099 0.00891073  0.0104022  0.0118977  0.0133951  0.0148971  0.0164011    0.01791  0.0194205  0.0209358  0.0224517  0.0239718  0.0254911  0.0270134  0.0285328  0.0300532  0.0315679  0.0330809  0.0345846   0.036083  0.0375676  0.0390423  0.0404978  0.0419379  0.0433525  0.0447453  0.0461052  0.0474361   0.048726  0.0499787  0.0511819  0.0523391  0.0534376  0.0544813   0.055457  0.0563691  0.0572043  0.0579674  0.0586455  0.0592439  0.0597505  0.0601714   0.060495  0.0607285  0.0608615  0.0609021   0.060841  0.0606875  0.0604333  0.0600891  0.0596475    0.05912  0.0585004   0.057801  0.0570165  0.0561596  0.0552256  0.0542276  0.0531613  0.0520398  0.0508594  0.0496325  0.0483557  0.0470412  0.0456853  0.0442998   0.042881  0.0414398  0.0399725  0.0384892  0.0369862  0.0354726  0.0339446  0.0324105  0.0308665  0.0293199  0.0277671  0.0262144  0.0246582   0.023104  0.0215484   0.019996  0.0184437  0.0168952  0.0153476   0.013804  0.0122617   0.010723 0.00918579 0.00765159 0.00611857 0.00458771 0.00305763 0.00152868          0 
         0 0.00158077 0.00316196 0.00474459 0.00632843 0.00791508 0.00950364  0.0110962  0.0126912  0.0142911  0.0158937  0.0175019  0.0191126  0.0207292  0.0223477  0.0239718  0.0255967  0.0272263  0.0288549  0.0304867   0.032115  0.0337441  0.0353663  0.0369859  0.0385945  0.0401961  0.0417814  0.0433545  0.0449048  0.0464365  0.0479381  0.0494135  0.0508505  0.0522527  0.0536073   0.054918   0.056171  0.0573703  0.0585017  0.0595693  0.0605589  0.0614748  0.0623032  0.0630488  0.0636982  0.0642571  0.0647128   0.065072   0.065323  0.0654738  0.0655136   0.065452  0.0652794  0.0650066  0.0646254  0.0641477  0.0635665  0.0628948  0.0621266  0.0612754  0.0603364  0.0593235  0.0582322  0.0570768  0.0558532  0.0545754  0.0532396  0.0518593   0.050431  0.0489674  0.0474649  0.0459356  0.0443757  0.0427963  0.0411938  0.0395783  0.0379458  0.0363056  0.0346537  0.0329984  0.0313356  0.0296726  0.0280054  0.0263405  0.0246738  0.0230109  0.0213481  0.0196899  0.0180329  0.0163807  0.0147303  0.0130845  0.0114406 0.00980069 0.00816253 0.00652744 0.00489363 0.00326175 0.00163055          0 
         0 0.00167885 0.00335852 0.00503918 0.00672227 0.00840727  0.0100962  0.0117878  0.0134846  0.0151845  0.0168907  0.0186002  0.0203166   0.022036  0.0237624  0.0254911  0.0272263  0.0289624  0.0307039  0.0324441  0.0341876   0.035927  0.0376667  0.0393983  0.0411263  0.0428411  0.0445471  0.0462339  0.0479056  0.0495506   0.051173  0.0527602  0.0543161  0.0558271   0.057297  0.0587116  0.0600744  0.0613707  0.0626041  0.0637595  0.0648409  0.0658331  0.0667405  0.0675484   0.068262   0.068867  0.0693699  0.0697574  0.0700371  0.0701969  0.0702461  0.0701739   0.069991  0.0696882  0.0692775  0.0687513  0.0681228  0.0673855  0.0665538  0.0656222  0.0646056  0.0634996  0.0623191  0.0610604  0.0597383  0.0583493  0.0569081   0.055411  0.0538723  0.0522883  0.0506723  0.0490206  0.0473456  0.0456434  0.0439253  0.0421873  0.0404397  0.0386783  0.0369124  0.0351377  0.0333624  0.0315822  0.0298043  0.0280245  0.0262489  0.0244734  0.0227034  0.0209349  0.0191723   0.017412  0.0156574  0.0139053  0.0121584  0.0104139 0.00867348 0.00693503 0.00519948 0.00346518 0.00173237          0 
         0 0.00177675 0.00355408 0.00533328 0.00711421 0.00889878  0.0106861  0.0124787  0.0142748  0.0160775  0.0178844  0.0196988  0.0215174  0.0233441  0.0251747  0.0270134  0.0288549  0.0307039   0.032554  0.0344099  0.0362644  0.0381223  0.0399753   0.041828  0.0436712  0.0455094  0.0473321  0.0491439  0.0509329  0.0527036  0.0544431  0.0561553  0.0578265  0.0594604  0.0610421  0.0625754  0.0640444  0.0654529  0.0667846  0.0680431  0.0692122  0.0702957  0.0712775  0.0721623  0.0729344  0.0735994  0.0741426   0.074571   0.074871  0.0750513  0.0750999  0.0750271  0.0748224  0.0744981  0.0740452  0.0734775  0.0727877  0.0719907  0.0710808  0.0700736  0.0689643  0.0677692  0.0664843  0.0651259  0.0636903  0.0621936  0.0606323  0.0590219  0.0573589   0.055658  0.0539155   0.052145  0.0503428  0.0485214  0.0466767  0.0448201  0.0429474  0.0410688    0.03918  0.0372899  0.0353941  0.0335007  0.0316051  0.0297142  0.0278237  0.0259394  0.0240571  0.0221818  0.0203094   0.018444   0.016582  0.0147263  0.0128738  0.0110268  0.0091825 0.00734231 0.00550409 0.00366841 0.00183378          0 
         0 0.00187406 0.00374916 0.00562565 0.00750525 0.00938753  0.0112749   0.013166  0.0150639  0.0169664  0.0188772  0.0207931  0.0227181  0.0246484  0.0265882  0.0285328  0.0304867  0.0324441  0.0344099   0.036377  0.0383506  0.0403226  0.0422979  0.0442674   0.046236  0.0481932   0.050144  0.0520766  0.0539955  0.0558879  0.0577579  0.0595915  0.0613926  0.0631458  0.0648548  0.0665033  0.0680947  0.0696119  0.0710583  0.0724163  0.0736895  0.0748602  0.0759325  0.0768891   0.077735  0.0784537  0.0790514  0.0795129  0.0798462  0.0800375  0.0800967   0.080012  0.0797952  0.0794364  0.0789492  0.0783256   0.077581  0.0767089  0.0757259  0.0746269  0.0734292  0.0721287   0.070743  0.0692686  0.0677228  0.0661024  0.0644244  0.0626854  0.0609015  0.0590692  0.0572037  0.0553012  0.0533755  0.0514227  0.0494553  0.0474691  0.0454754  0.0434696   0.041462  0.0394478  0.0374358  0.0354214  0.0334122  0.0314036  0.0294022  0.0274033  0.0254126  0.0234257   0.021447  0.0194727  0.0175062   0.015544  0.0135886   0.011637 0.00969085 0.00774761  0.0058082 0.00387062   0.001935          0 
         0 0.00197103 0.00394287 0.00591706 0.00789362 0.00987481  0.0118598  0.0138515  0.0158483  0.0178536  0.0198648   0.021886  0.0239136  0.0259521   0.027997  0.0300532   0.032115  0.0341876  0.0362644  0.0383506  0.0404385  0.0425334  0.0446264  0.0467227   0.048812  0.0508997   0.052974    0.05504  0.0570846  0.0591125  0.0611092  0.0630791  0.0650065   0.066895   0.068728  0.0705086  0.0722192  0.0738626  0.0754205  0.0768957  0.0782693  0.0795448  0.0807032  0.0817487  0.0826629  0.0834512  0.0840965  0.0846057  0.0849633  0.0851785  0.0852375  0.0851518    0.08491  0.0845256  0.0839895  0.0833172  0.0825017  0.0815601   0.080487  0.0793007   0.077997  0.0765947  0.0750905  0.0735032  0.0718299  0.0700889  0.0682774  0.0664129  0.0644924  0.0625322   0.060529  0.0584981  0.0564354  0.0543551  0.0522528  0.0501412  0.0480154  0.0458869  0.0437507  0.0416167    0.03948   0.037349  0.0352188  0.0330969  0.0309781  0.0288689  0.0267643  0.0246696  0.0225803  0.0205006  0.0184263  0.0163605  0.0142997   0.012246  0.0101963 0.00815196 0.00611048  0.0040723 0.00203559          0 
         0  0.0020672 0.00413572 0.00620609 0.00828037  0.0103583  0.0124425   0.014532  0.0166301  0.0187347  0.0208498  0.0229724   0.025107  0.0272495  0.0294048  0.0315679  0.0337441   0.035927  0.0381223  0.0403226  0.0425334  0.0447463  0.0469667  0.0491849  0.0514062  0.0536195  0.0558299  0.0580247  0.0602089  0.0623681  0.0645068  0.0666092  0.0686793  0.0706999  0.0726743  0.0745841  0.0764322   0.078199  0.0798873  0.0814767    0.08297  0.0843466  0.0856099  0.0867396    0.08774  0.0885919  0.0893011  0.0898501  0.0902467  0.0904755  0.0905468  0.0904476   0.090191  0.0897665  0.0891895  0.0884521  0.0875718  0.0865428  0.0853842  0.0840918  0.0826856  0.0811625  0.0795428  0.0778239  0.0760258  0.0741461  0.0722039  0.0701967  0.0681425  0.0660383  0.0639009  0.0617266  0.0595309  0.0573096  0.0550766  0.0528273  0.0505741  0.0483119  0.0460518  0.0437886  0.0415317  0.0392759  0.0370294  0.0347869  0.0325554  0.0303297  0.0281156  0.0259082  0.0237122  0.0215231  0.0193444  0.0171721  0.0150088  0.0128509  0.0107001 0.00855347 0.00641172 0.00427252 0.00213582          0 
         0 0.00216283 0.00432672 0.00649354 0.00866351  0.0108392  0.0130201  0.0152093  0.0174054  0.0196123  0.0218275  0.0240554  0.0262925  0.0285439  0.0308049  0.0330809  0.0353663  0.0376667  0.0399753  0.0422979  0.0446264  0.0469667  0.0493094  0.0516603  0.0540085  0.0563597  0.0587014  0.0610389  0.0633581  0.0656639  0.0679406  0.0701923  0.0724017  0.0745723  0.0766853  0.0787435  0.0807265  0.0826368   0.084453  0.0861771  0.0877872  0.0892856  0.0906502   0.091884  0.0929657  0.0938997  0.0946661  0.0952714  0.0956979  0.0959546  0.0960265  0.0959256  0.0956399  0.0951844  0.0945499  0.0937541  0.0927906  0.0916791  0.0904153  0.0890203  0.0874913  0.0858501  0.0840944  0.0822462  0.0803035  0.0782873  0.0761956  0.0740483  0.0718428  0.0695977  0.0673097  0.0649958  0.0626521  0.0602939  0.0579168  0.0555344  0.0531416  0.0507507  0.0483561  0.0459686  0.0435824  0.0412068  0.0388361   0.036478  0.0341269  0.0317895  0.0294602  0.0271446  0.0248373  0.0225428  0.0202562  0.0179809  0.0157125  0.0134534  0.0111999 0.00895319  0.0067104 0.00447179 0.00223519          0 
         0  0.0022574 0.00451642 0.00677785 0.00904413  0.0113151   0.013594  0.0158798  0.0181764  0.0204817  0.0228003  0.0251291  0.0274733  0.0298287  0.0322009  0.0345846  0.0369859  0.0393983   0.041828  0.0442674  0.0467227  0.0491849  0.0516603  0.0541385  0.0566255  0.0591094  0.0615959  0.0640712  0.0665407  0.0689889  0.0714202  0.0738176  0.0761847  0.0785024  0.0807738  0.0829779   0.085117  0.0871687  0.0891347  0.0909916  0.0927408  0.0943584  0.0958461  0.0971805  0.0983643  0.0993751   0.100218   0.100872   0.101344   0.101619   0.101705   0.101589   0.101284   0.100781   0.100097  0.0992239  0.0981824  0.0969678  0.0956022  0.0940829  0.0924334   0.090652  0.0887623  0.0867631  0.0846775  0.0825042   0.080265  0.0779581   0.075604     0.0732  0.0707647  0.0682948  0.0658071  0.0632973  0.0607805  0.0582518  0.0557245  0.0531931  0.0506693  0.0481473  0.0456372  0.0431329  0.0406432   0.038162  0.0356966  0.0332411  0.0308016  0.0283725  0.0259585  0.0235544  0.0211641  0.0187826  0.0164128  0.0140503  0.0116969 0.00934901 0.00700733 0.00466907 0.00233396          0 
         0 0.00235118 0.00470372 0.00705985 0.00942003  0.0117873  0.0141611  0.0165454  0.0189386  0.0213453  0.0237629  0.0261966  0.0286428  0.0311073  0.0335853   0.036083  0.0385945  0.0411263  0.0436712   0.046236   0.048812  0.0514062  0.0540085  0.0566255  0.0592458  0.0618755  0.0645015  0.0671296  0.0697447  0.0723518  0.0749339  0.0774954   0.080017   0.082502  0.0849294  0.0873013  0.0895947   0.091811  0.0939255   0.095939  0.0978259  0.0995866   0.101195   0.102654   0.103936   0.105045   0.105958    0.10668    0.10719   0.107497   0.107585   0.107466   0.107127   0.106586   0.105833   0.104888   0.103748   0.102433   0.100943  0.0993012  0.0975075  0.0955871  0.0935397  0.0913906  0.0891394  0.0868103  0.0844022  0.0819379  0.0794153  0.0768551  0.0742546  0.0716322  0.0689842  0.0663271  0.0636562  0.0609862  0.0583115   0.055645  0.0529808  0.0503299  0.0476861  0.0450589  0.0424419  0.0398432  0.0372564  0.0346883  0.0321327  0.0295951  0.0270697  0.0245608   0.022063  0.0195795  0.0171056  0.0146432  0.0121883 0.00974201 0.00730084 0.00486489 0.00243157          0 
         0  0.0024436 0.00488918 0.00733781 0.00979233  0.0122529  0.0147231  0.0172021  0.0196943  0.0221979   0.024718  0.0272516  0.0298044  0.0323724  0.0349619  0.0375676  0.0401961  0.0428411  0.0455094  0.0481932  0.0508997  0.0536195  0.0563597  0.0591094  0.0618755  0.0646454  0.0674254   0.070201  0.0729779  0.0757396  0.0784909  0.0812129  0.0839094  0.0865592  0.0891649   0.091703  0.0941748  0.0965549  0.0988432   0.101013   0.103063   0.104967   0.106722   0.108303   0.109708   0.110911   0.111916   0.112699   0.113265   0.113595     0.1137   0.113563   0.113201   0.112602   0.111787    0.11075   0.109513   0.108075   0.106461   0.104672   0.102734   0.100649  0.0984442  0.0961203  0.0937039  0.0911954  0.0886196  0.0859759   0.083287  0.0805508  0.0777881  0.0749954  0.0721911  0.0693708  0.0665507  0.0637252  0.0609086  0.0580947  0.0552959  0.0525055   0.049734  0.0469746  0.0442364  0.0415124  0.0388101  0.0361229  0.0334568  0.0308055  0.0281739   0.025556  0.0229554  0.0203669  0.0177928  0.0152286  0.0126756  0.0101299 0.00759176 0.00505809  0.0025283          0 
         0 0.00253495  0.0050716 0.00761258  0.0101586  0.0127132  0.0152762  0.0178518  0.0204387  0.0230421  0.0256596   0.028297  0.0309508  0.0336275  0.0363223  0.0390423  0.0417814  0.0445471  0.0473321   0.050144   0.052974  0.0558299  0.0587014  0.0615959  0.0645015  0.0674254  0.0703536  0.0732926  0.0762264  0.0791606   0.082077  0.0849798  0.0878483  0.0906854  0.0934678  0.0961967  0.0988465   0.101417    0.10388   0.106233   0.108448   0.110522   0.112425   0.114154   0.115681   0.117005   0.118098   0.118963   0.119577   0.119948   0.120056   0.119915   0.119511   0.118863   0.117964   0.116838    0.11548   0.113919   0.112155   0.110218   0.108108   0.105858   0.103468   0.100968  0.0983606  0.0956727  0.0929051  0.0900832  0.0872059  0.0842962  0.0813516  0.0783922  0.0754142  0.0724353  0.0694504   0.066475   0.063503  0.0605478  0.0576026   0.054679  0.0517698  0.0488848  0.0460167  0.0431738  0.0403488  0.0375486  0.0347661  0.0320069  0.0292644  0.0265427  0.0238358  0.0211469  0.0184703  0.0158082  0.0131557  0.0105137 0.00787824 0.00524922 0.00262354          0 
         0 0.00262459 0.00525155 0.00788228  0.0105201  0.0131653  0.0158222  0.0184901   0.021174  0.0238722  0.0265905   0.029326  0.0320853  0.0348644  0.0376702  0.0404978  0.0433545  0.0462339  0.0491439  0.0520766    0.05504  0.0580247  0.0610389  0.0640712  0.0671296   0.070201  0.0732926  0.0763893  0.0794974  0.0825995  0.0857007  0.0887809  0.0918437  0.0948662  0.0978501    0.10077   0.103625   0.106386   0.109052   0.111592   0.114002   0.116249   0.118329   0.120209   0.121886   0.123328   0.124535   0.125479   0.126162   0.126563    0.12669   0.126529   0.126094   0.125376   0.124398   0.123156   0.121679   0.119967   0.118051   0.115935   0.113652   0.111205   0.108628   0.105924   0.103124    0.10023  0.0972703  0.0942458  0.0911818  0.0880767  0.0849531  0.0818077  0.0786603  0.0755059  0.0723617  0.0692215  0.0661002  0.0629908  0.0599059  0.0568381   0.053798  0.0507779  0.0477869  0.0448172  0.0418762  0.0389565   0.036064  0.0331916   0.030344  0.0275146  0.0247067  0.0219144    0.01914   0.016378  0.0136299  0.0108908 0.00816113   0.005437 0.00271756          0 
         0 0.00271283 0.00542774 0.00814779   0.010874  0.0136105  0.0163572   0.019119  0.0218949  0.0246907   0.027504  0.0303416     0.0332  0.0360865  0.0389965  0.0419379  0.0449048  0.0479056  0.0509329  0.0539955  0.0570846  0.0602089  0.0633581  0.0665407  0.0697447  0.0729779  0.0762264  0.0794974  0.0827743  0.0860633  0.0893453  0.0926246  0.0958793  0.0991117   0.102297   0.105434   0.108496   0.111479   0.114352    0.11711   0.119718   0.122172   0.124433   0.126497   0.128326   0.129918   0.131237   0.132284    0.13303   0.133481   0.133615   0.133446    0.13296   0.132178   0.131096   0.129741   0.128114   0.126248   0.124148   0.121849   0.119359   0.116712   0.113916   0.111004   0.107981   0.104879   0.101701  0.0984737  0.0951986  0.0919003  0.0885764  0.0852488  0.0819133  0.0785885  0.0752688  0.0719701  0.0686855  0.0654288  0.0621922  0.0589873  0.0558062  0.0526584  0.0495358  0.0464466  0.0433825  0.0403502  0.0373418  0.0343628  0.0314056  0.0284742   0.025562  0.0226716  0.0197971  0.0169399  0.0140949  0.0112626 0.00843845 0.00562201 0.00280972          0 
         0 0.00279899 0.00560076 0.00840709  0.0112218  0.0140455   0.016883  0.0197339  0.0226039  0.0254915  0.0284032  0.0313363  0.0342982  0.0372851  0.0403048  0.0433525  0.0464365  0.0495506  0.0527036  0.0558879  0.0591125  0.0623681  0.0656639  0.0689889  0.0723518  0.0757396  0.0791606  0.0825995  0.0860633  0.0895342  0.0930178   0.096493  0.0999635   0.103405   0.106818   0.110175   0.113473   0.116682   0.119795   0.122777    0.12562   0.128286   0.130765   0.133018   0.135035   0.136779   0.138242    0.13939   0.140224   0.140715   0.140873   0.140679   0.140152   0.139282   0.138097   0.136597   0.134817   0.132762   0.130472   0.127955   0.125251   0.122369   0.119347   0.116194   0.112945   0.109605   0.106206    0.10275  0.0992645  0.0957493  0.0922282  0.0886979   0.085179  0.0816662  0.0781769  0.0747045  0.0712636  0.0678466  0.0644659   0.061113  0.0577985  0.0545137  0.0512674  0.0480508  0.0448711  0.0417199  0.0386029  0.0355121  0.0324519  0.0294148  0.0264042  0.0234131  0.0204436  0.0174896  0.0145522  0.0116261 0.00871103 0.00580286 0.00290028          0 
         0 0.00288336 0.00576922 0.00866108  0.0115604  0.0144717  0.0173953  0.0203367  0.0232952  0.0262772  0.0292808  0.0323132  0.0353714  0.0384635  0.0415852  0.0447453  0.0479381   0.051173  0.0544431  0.0577579  0.0611092  0.0645068  0.0679406  0.0714202  0.0749339  0.0784909   0.082077  0.0857007  0.0893453  0.0930178  0.0966986   0.100393   0.104077   0.107754   0.111396   0.115002   0.118542   0.122009   0.125369   0.128612   0.131699   0.134617   0.137324   0.139806   0.142019   0.143951   0.145561   0.146843    0.14776   0.148316   0.148484   0.148279   0.147686   0.146731   0.145413   0.143765   0.141795   0.139544   0.137024   0.134278   0.131321   0.128194    0.12491    0.12151      0.118   0.114418   0.110768   0.107082    0.10336  0.0996302  0.0958892  0.0921602  0.0884386  0.0847436  0.0810684  0.0774292   0.073818  0.0702485  0.0667117  0.0632191  0.0597612  0.0563478  0.0529692  0.0496335  0.0463313   0.043069  0.0398377  0.0366425   0.033475   0.030339  0.0272268  0.0241409  0.0210745  0.0180289  0.0149982  0.0119825 0.00897676 0.00598014 0.00298855          0 
         0 0.00296525 0.00593373 0.00890763  0.0118912  0.0148856   0.017896  0.0209225  0.0239713  0.0270413  0.0301397  0.0332642  0.0364229  0.0396124  0.0428413  0.0461052  0.0494135  0.0527602  0.0561553  0.0595915  0.0630791  0.0666092  0.0701923  0.0738176  0.0774954  0.0812129  0.0849798  0.0887809  0.0926246   0.096493   0.100393   0.104302   0.108225   0.112137   0.116038   0.119897   0.123711   0.127445    0.13109   0.134605   0.137977   0.141161   0.144139   0.146862   0.149314   0.151446   0.153242   0.154659   0.155691   0.156303   0.156501   0.156265   0.155615   0.154545    0.15309   0.151255   0.149086   0.146595   0.143832   0.140814    0.13759   0.134177    0.13062   0.126933   0.123157   0.119299   0.115396    0.11145   0.107492   0.103522  0.0995641  0.0956153  0.0916964  0.0878011   0.083947  0.0801259  0.0763525  0.0726177  0.0689336  0.0652903  0.0616981  0.0581469   0.054645  0.0511826  0.0477665   0.044387  0.0410496  0.0377452  0.0344779  0.0312393  0.0280323  0.0248493  0.0216918  0.0185533  0.0154343  0.0123289 0.00923651 0.00615239 0.00307482          0 
         0 0.00304495 0.00609283 0.00914764  0.0122112  0.0152886  0.0183806  0.0214932  0.0246261  0.0277864  0.0309725  0.0341925  0.0374437   0.040735  0.0440625  0.0474361  0.0508505  0.0543161  0.0578265  0.0613926  0.0650065  0.0686793  0.0724017  0.0761847   0.080017  0.0839094  0.0878483  0.0918437  0.0958793  0.0999635   0.104077   0.108225   0.112386    0.11656   0.120721   0.124866   0.128961      0.133   0.136941   0.140772   0.144445   0.147941   0.151208   0.154224   0.156931   0.159308   0.161302   0.162894   0.164041   0.164737   0.164952   0.164699   0.163964   0.162778   0.161147   0.159114   0.156697    0.15395   0.150894   0.147587   0.144049   0.140334   0.136461   0.132477   0.128395   0.124255   0.120065   0.115858   0.111636   0.107428    0.10323  0.0990662  0.0949305  0.0908419  0.0867925  0.0827979  0.0788485  0.0749576  0.0711145  0.0673302   0.063594  0.0599146  0.0562814  0.0527017  0.0491651  0.0456773  0.0422285  0.0388232  0.0354521  0.0321185  0.0288139  0.0255403  0.0222903  0.0190646  0.0158568  0.0126664 0.00948802 0.00632019 0.00315833          0 
         0 0.00312173 0.00624716 0.00937889  0.0125217  0.0156771   0.018851  0.0220437  0.0252622  0.0285056   0.031782  0.0350895  0.0384369  0.0418213  0.0452524   0.048726  0.0522527  0.0558271  0.0594604  0.0631458   0.066895  0.0706999  0.0745723  0.0785024   0.082502  0.0865592  0.0906854  0.0948662  0.0991117   0.103405   0.107754   0.112137    0.11656   0.120997    0.12545   0.129885   0.134299   0.138652   0.142934   0.147096    0.15112   0.154951   0.158562   0.161892   0.164911   0.167555   0.169796   0.171576   0.172876   0.173653   0.173906   0.173613   0.172797   0.171457   0.169638   0.167357   0.164673   0.161613   0.158242   0.154589   0.150717    0.14665   0.142444   0.138119   0.133721   0.129262    0.12478   0.120281   0.115795   0.111323   0.106889   0.102489  0.0981432  0.0938437  0.0896074  0.0854245  0.0813089  0.0772495  0.0732578  0.0693222  0.0654522  0.0616361  0.0578818  0.0541778  0.0505304  0.0469287  0.0433776   0.039867  0.0364004  0.0329686  0.0295739  0.0262079  0.0228718  0.0195581   0.016267  0.0129921  0.0097322 0.00648201 0.00323939          0 
         0  0.0031959 0.00639518 0.00960234  0.0128196  0.0160527  0.0193026  0.0225761  0.0258732  0.0292017  0.0325605  0.0359584  0.0393932  0.0428748  0.0463997  0.0499787  0.0536073   0.057297  0.0610421  0.0648548   0.068728  0.0726743  0.0766853  0.0807738  0.0849294  0.0891649  0.0934678  0.0978501   0.102297   0.106818   0.111396   0.116038   0.120721    0.12545   0.130195   0.134956   0.139697   0.144409   0.149046   0.153592    0.15799   0.162214   0.166198   0.169906   0.173266   0.176239   0.178752   0.180771   0.182234   0.183126   0.183406   0.183086   0.182154    0.18065    0.17859   0.176037   0.173023   0.169622   0.165872   0.161845   0.157579   0.153137   0.148547   0.143865   0.139108   0.134321   0.129513   0.124719   0.119941   0.115208   0.110515   0.105885   0.101309  0.0968076  0.0923689  0.0880079   0.083713  0.0794961  0.0753449  0.0712691  0.0672564  0.0633147  0.0594318  0.0556141  0.0518499  0.0481443  0.0444862  0.0408796  0.0373141  0.0337924  0.0303053  0.0268542  0.0234308  0.0200356  0.0166612   0.013307 0.00996669 0.00663848 0.00331722          0 
         0  0.0032667 0.00653757 0.00981565  0.0131063  0.0164113  0.0197372  0.0230848  0.0264616  0.0298674  0.0333108  0.0367904  0.0403159  0.0438849  0.0475081  0.0511819   0.054918  0.0587116  0.0625754  0.0665033  0.0705086  0.0745841  0.0787435  0.0829779  0.0873013   0.091703  0.0961967    0.10077   0.105434   0.110175   0.115002   0.119897   0.124866   0.129885   0.134956   0.140048   0.145156   0.150239   0.155283   0.160234   0.165068   0.169717   0.174143   0.178268   0.182044   0.185383   0.188236   0.190521     0.1922    0.19321   0.193543    0.19317   0.192118   0.190398   0.188072   0.185177   0.181796   0.177979   0.173811   0.169342   0.164649   0.159772   0.154775   0.149686   0.144557   0.139402   0.134262   0.129142   0.124073   0.119052   0.114106   0.109225   0.104429  0.0997085  0.0950779  0.0905252  0.0860626  0.0816769  0.0773782  0.0731531  0.0690096  0.0649346  0.0609347   0.056997   0.053127  0.0493124  0.0455576   0.041851  0.0381959  0.0345817  0.0310105  0.0274728  0.0239695  0.0204923  0.0170408   0.013608  0.0101924 0.00678798 0.00339213          0 
