
         0          0          0          0          0          0          0          0          0          0          0          0          0          0          0          0          0          0          0          0          0          0          0          0          0 
         0 0.000924982 0.00184996 0.00283593  0.0038096 0.00487691 0.00588342 0.00696248 0.00788047 0.00878844 0.00939806 0.00988992 0.00997491 0.00988992 0.00939806 0.00878844 0.00788047 0.00696248 0.00588342 0.00487691  0.0038096 0.00283593 0.00184996 0.000924982          0 
         0 0.00184996 0.00376707 0.00568417 0.00777421 0.00981461  0.0120481   0.014086   0.016207  0.0178752  0.0194024  0.0201867  0.0206264  0.0201867  0.0194024  0.0178752   0.016207   0.014086  0.0120481 0.00981461 0.00777421 0.00568417 0.00376707 0.00184996          0 
         0 0.00283593 0.00568417 0.00873632  0.0117885  0.0151621  0.0184084  0.0219172  0.0249863  0.0280288  0.0301497  0.0318248  0.0321572  0.0318248  0.0301497  0.0280288  0.0249863  0.0219172  0.0184084  0.0151621  0.0117885 0.00873632 0.00568417 0.00283593          0 
         0  0.0038096 0.00777421  0.0117885  0.0162126  0.0206368  0.0255469  0.0301881  0.0350747  0.0391042  0.0427795  0.0448056  0.0458427  0.0448056  0.0427795  0.0391042  0.0350747  0.0301881  0.0255469  0.0206368  0.0162126  0.0117885 0.00777421  0.0038096          0 
         0 0.00487691 0.00981461  0.0151621  0.0206368  0.0267955  0.0329543  0.0397479  0.0460203  0.0523303  0.0570585  0.0607099  0.0616022  0.0607099  0.0570585  0.0523303  0.0460203  0.0397479  0.0329543  0.0267955  0.0206368  0.0151621 0.00981461 0.00487691          0 
         0 0.00588342  0.0120481  0.0184084  0.0255469  0.0329543  0.0413916  0.0498289  0.0589797  0.0671385  0.0747125  0.0793732  0.0815298  0.0793732  0.0747125  0.0671385  0.0589797  0.0498289  0.0413916  0.0329543  0.0255469  0.0184084  0.0120481 0.00588342          0 
         0 0.00696248   0.014086  0.0219172  0.0301881  0.0397479  0.0498289    0.06138   0.072931  0.0850881  0.0952799   0.103293   0.105771   0.103293  0.0952799  0.0850881   0.072931    0.06138  0.0498289  0.0397479  0.0301881  0.0219172   0.014086 0.00696248          0 
         0 0.00788047   0.016207  0.0249863  0.0350747  0.0460203  0.0589797   0.072931   0.088967   0.105003   0.121041   0.132748   0.138093   0.132748   0.121041   0.105003   0.088967   0.072931  0.0589797  0.0460203  0.0350747  0.0249863   0.016207 0.00788047          0 
         0 0.00878844  0.0178752  0.0280288  0.0391042  0.0523303  0.0671385  0.0850881   0.105003   0.128067   0.151131   0.171958   0.181105   0.171958   0.151131   0.128067   0.105003  0.0850881  0.0671385  0.0523303  0.0391042  0.0280288  0.0178752 0.00878844          0 
         0 0.00939806  0.0194024  0.0301497  0.0427795  0.0570585  0.0747125  0.0952799   0.121041   0.151131   0.186989   0.222847   0.246072   0.222847   0.186989   0.151131   0.121041  0.0952799  0.0747125  0.0570585  0.0427795  0.0301497  0.0194024 0.00939806          0 
         0 0.00988992  0.0201867  0.0318248  0.0448056  0.0607099  0.0793732   0.103293   0.132748   0.171958   0.222847   0.290168   0.357489   0.290168   0.222847   0.171958   0.132748   0.103293  0.0793732  0.0607099  0.0448056  0.0318248  0.0201867 0.00988992          0 
         0 0.00997491  0.0206264  0.0321572  0.0458427  0.0616022  0.0815298   0.105771   0.138093   0.181105   0.246072   0.357489   0.607489   0.357489   0.246072   0.181105   0.138093   0.105771  0.0815298  0.0616022  0.0458427  0.0321572  0.0206264 0.00997491          0 
         0 0.00988992  0.0201867  0.0318248  0.0448056  0.0607099  0.0793732   0.103293   0.132748   0.171958   0.222847   0.290168   0.357489   0.290168   0.222847   0.171958   0.132748   0.103293  0.0793732  0.0607099  0.0448056  0.0318248  0.0201867 0.00988992          0 
         0 0.00939806  0.0194024  0.0301497  0.0427795  0.0570585  0.0747125  0.0952799   0.121041   0.151131   0.186989   0.222847   0.246072   0.222847   0.186989   0.151131   0.121041  0.0952799  0.0747125  0.0570585  0.0427795  0.0301497  0.0194024 0.00939806          0 
         0 0.00878844  0.0178752  0.0280288  0.0391042  0.0523303  0.0671385  0.0850881   0.105003   0.128067   0.151131   0.171958   0.181105   0.171958   0.151131   0.128067   0.105003  0.0850881  0.0671385  0.0523303  0.0391042  0.0280288  0.0178752 0.00878844          0 
         0 0.00788047   0.016207  0.0249863  0.0350747  0.0460203  0.0589797   0.072931   0.088967   0.105003   0.121041   0.132748   0.138093   0.132748   0.121041   0.105003   0.088967   0.072931  0.0589797  0.0460203  0.0350747  0.0249863   0.016207 0.00788047          0 
         0 0.00696248   0.014086  0.0219172  0.0301881  0.0397479  0.0498289    0.06138   0.072931  0.0850881  0.0952799   0.103293   0.105771   0.103293  0.0952799  0.0850881   0.072931    0.06138  0.0498289  0.0397479  0.0301881  0.0219172   0.014086 0.00696248          0 
         0 0.00588342  0.0120481  0.0184084  0.0255469  0.0329543  0.0413916  0.0498289  0.0589797  0.0671385  0.0747125  0.0793732  0.0815298  0.0793732  0.0747125  0.0671385  0.0589797  0.0498289  0.0413916  0.0329543  0.0255469  0.0184084  0.0120481 0.00588342          0 
         0 0.00487691 0.00981461  0.0151621  0.0206368  0.0267955  0.0329543  0.0397479  0.0460203  0.0523303  0.0570585  0.0607099  0.0616022  0.0607099  0.0570585  0.0523303  0.0460203  0.0397479  0.0329543  0.0267955  0.0206368  0.0151621 0.00981461 0.00487691          0 
         0  0.0038096 0.00777421  0.0117885  0.0162126  0.0206368  0.0255469  0.0301881  0.0350747  0.0391042  0.0427795  0.0448056  0.0458427  0.0448056  0.0427795  0.0391042  0.0350747  0.0301881  0.0255469  0.0206368  0.0162126  0.0117885 0.00777421  0.0038096          0 
         0 0.00283593 0.00568417 0.00873632  0.0117885  0.0151621  0.0184084  0.0219172  0.0249863  0.0280288  0.0301497  0.0318248  0.0321572  0.0318248  0.0301497  0.0280288  0.0249863  0.0219172  0.0184084  0.0151621  0.0117885 0.00873632 0.00568417 0.00283593          0 
         0 0.00184996 0.00376707 0.00568417 0.00777421 0.00981461  0.0120481   0.014086   0.016207  0.0178752  0.0194024  0.0201867  0.0206264  0.0201867  0.0194024  0.0178752   0.016207   0.014086  0.0120481 0.00981461 0.00777421 0.00568417 0.00376707 0.00184996          0 
         0 0.000924982 0.00184996 0.00283593  0.0038096 0.00487691 0.00588342 0.00696248 0.00788047 0.00878844 0.00939806 0.00988992 0.00997491 0.00988992 0.00939806 0.00878844 0.00788047 0.00696248 0.00588342 0.00487691  0.0038096 0.00283593 0.00184996 0.000924982          0 
         0          0          0          0          0          0          0          0          0          0          0          0          0          0          0          0          0          0          0          0          0          0          0          0          0 
