
         0          0          0          0          0          0          0          0          0          0          0          0          0          0          0          0          0          0          0          0          0          0          0          0          0          0          0          0          0          0          0          0          0          0          0          0          0          0          0          0          0          0          0          0          0          0          0          0          0          0 
         0 0.000421551 0.000843184 0.00126478 0.00168646 0.00210775 0.00252865 0.00294818 0.00336606 0.00378067  0.0041913 0.00459556 0.00499223  0.0053781 0.00575138 0.00610811 0.00644602 0.00676056 0.00704923 0.00730724 0.00753225 0.00771973 0.00786798 0.00797328 0.00803505 0.00805086 0.00802157 0.00794626 0.00782732 0.00766528  0.0074638 0.00722456 0.00695199 0.00664844 0.00631861 0.00596499 0.00559205 0.00520206 0.00479891  0.0043844 0.00396166 0.00353197 0.00309764 0.00265943 0.00221895 0.00177655 0.00133321 0.000889072 0.000444639          0 
         0 0.000843184 0.00168641 0.00252996 0.00337331 0.00421668 0.00505867 0.00589911 0.00673541  0.0075667 0.00838897 0.00920036 0.00999526  0.0107707  0.0115193  0.0122371  0.0129154  0.0135493  0.0141291  0.0146499   0.015102  0.0154812  0.0157789  0.0159926  0.0161161  0.0161494  0.0160892  0.0159387  0.0156977  0.0153725  0.0149654  0.0144848   0.013935  0.0133254   0.012661  0.0119513  0.0112012  0.0104191 0.00960917 0.00877856 0.00793029 0.00706983 0.00619915 0.00532212  0.0044398 0.00355469 0.00266722 0.00177877 0.000889486          0 
         0 0.00126478 0.00252996 0.00379533 0.00506144   0.006327 0.00759218 0.00885416  0.0101123  0.0113617  0.0126006  0.0138217  0.0150214    0.01619  0.0173221  0.0184057  0.0194336  0.0203919  0.0212727  0.0220612  0.0227497  0.0233241  0.0237789  0.0241023  0.0242923  0.0243414  0.0242521  0.0240216  0.0236574  0.0231615  0.0225452  0.0218142  0.0209823   0.020057   0.019053   0.017978   0.016846  0.0156639  0.0144435  0.0131904  0.0119139  0.0106179 0.00930923 0.00799008 0.00666507 0.00533519 0.00400317 0.00266929 0.00133487          0 
         0 0.00168646 0.00337331 0.00506144 0.00675012 0.00844009  0.0101289  0.0118164  0.0134978  0.0151716    0.01683  0.0184693  0.0200785  0.0216514  0.0231735  0.0246361  0.0260214  0.0273189  0.0285087  0.0295796  0.0305113  0.0312942  0.0319101   0.032353  0.0326095  0.0326795  0.0325561  0.0322458  0.0317488  0.0310782  0.0302398  0.0292515   0.028123   0.026874  0.0255158  0.0240679  0.0225409  0.0209522  0.0193105  0.0176301  0.0159171  0.0141824  0.0124298  0.0106668 0.00889522 0.00711977   0.005341 0.00356132 0.00178069          0 
         0 0.00210775 0.00421668   0.006327 0.00844009  0.0105544  0.0126706  0.0147847   0.016896  0.0189968  0.0210844  0.0231471  0.0251789  0.0271638  0.0290923  0.0309438  0.0327057  0.0343537  0.0358729  0.0372371  0.0384317  0.0394312  0.0402243  0.0407901  0.0411234  0.0412111  0.0410569  0.0406568  0.0400237  0.0391626   0.038094  0.0368291   0.035393  0.0338002  0.0320766  0.0302369   0.028305  0.0262936  0.0242229  0.0221023  0.0199475  0.0177648  0.0155652   0.013352  0.0111324 0.00890768 0.00668167 0.00445431 0.00222723          0 
         0 0.00252865 0.00505867 0.00759218  0.0101289  0.0126706  0.0152146  0.0177614  0.0203045  0.0228423  0.0253638  0.0278639  0.0303263  0.0327418  0.0350881  0.0373514   0.039504  0.0415282  0.0433921  0.0450761   0.046547   0.047787  0.0487659   0.049472   0.049883  0.0499972  0.0498037  0.0493131  0.0485268  0.0474666  0.0461443  0.0445894  0.0428197   0.040868  0.0387535  0.0365079  0.0341486  0.0317031  0.0291851  0.0266162   0.024006  0.0213702  0.0187141  0.0160483  0.0133749     0.0107 0.00802369 0.00534864 0.00267393          0 
         0 0.00294818 0.00589911 0.00885416  0.0118164  0.0147847  0.0177614  0.0207416  0.0237257   0.026704  0.0296734  0.0326184  0.0355311   0.038389  0.0411785  0.0438698  0.0464435  0.0488632  0.0511049  0.0531281  0.0549077  0.0564037  0.0575953   0.058449  0.0589545  0.0590909  0.0588626   0.058265  0.0573183  0.0560328  0.0544413  0.0525645  0.0504419  0.0480984   0.045574  0.0428925  0.0400897  0.0371851  0.0342078  0.0311716  0.0280982  0.0249958  0.0218793  0.0187522  0.0156236  0.0124938  0.0093673 0.00624262 0.00312079          0 
         0 0.00336606 0.00673541  0.0101123  0.0134978   0.016896  0.0203045  0.0237257  0.0271525  0.0305842  0.0340075  0.0374166  0.0407906  0.0441174  0.0473671    0.05052  0.0535371  0.0563914  0.0590362  0.0614399   0.063552  0.0653418  0.0667624  0.0677916   0.068395  0.0685665  0.0682909  0.0675831  0.0664487  0.0649215  0.0630236  0.0608012   0.058285  0.0555246  0.0525515  0.0494119  0.0461325  0.0427518  0.0392895  0.0357745  0.0322194  0.0286441  0.0250549  0.0214642  0.0178734  0.0142888  0.0107091 0.00713595 0.00356663          0 
         0 0.00378067  0.0075667  0.0113617  0.0151716  0.0189968  0.0228423   0.026704  0.0305842  0.0344728  0.0383674  0.0422498   0.046111   0.049923  0.0536678  0.0573061  0.0608102  0.0641293  0.0672267  0.0700431  0.0725375  0.0746489  0.0763404  0.0775601  0.0782868  0.0784892   0.078171  0.0773279  0.0759909  0.0741808  0.0719489  0.0693318  0.0663896  0.0631634  0.0597117   0.056071  0.0522913  0.0484002  0.0444364  0.0404177  0.0363713  0.0323065  0.0282406  0.0241763   0.020123  0.0160791  0.0120479 0.00802551 0.00401103          0 
         0  0.0041913 0.00838897  0.0126006    0.01683  0.0210844  0.0253638  0.0296734  0.0340075  0.0383674  0.0427394  0.0471185  0.0514807  0.0558118   0.060075  0.0642443  0.0682683   0.072108  0.0756981  0.0789889  0.0819061  0.0843972  0.0863901  0.0878433  0.0887031  0.0889544  0.0885758  0.0875883  0.0860063  0.0838829  0.0812595  0.0782072  0.0747783  0.0710464  0.0670609  0.0628862  0.0585613  0.0541367  0.0496381  0.0451017  0.0405415  0.0359807  0.0314245  0.0268857  0.0223632  0.0178622  0.0133779 0.00890993 0.00445197          0 
         0 0.00459556 0.00920036  0.0138217  0.0184693  0.0231471  0.0278639  0.0326184  0.0374166  0.0422498  0.0471185  0.0520041   0.056898  0.0617686  0.0665948  0.0713279   0.075931  0.0803365  0.0844906  0.0883084  0.0917236  0.0946436  0.0970031    0.09872  0.0997517   0.100049  0.0996135   0.098443  0.0965862  0.0940852  0.0910212  0.0874593  0.0834912  0.0791831  0.0746187  0.0698518  0.0649489  0.0599469  0.0548933  0.0498093  0.0447254  0.0396504  0.0346015  0.0295787  0.0245896  0.0196286  0.0146962 0.00978432 0.00488846          0 
         0 0.00499223 0.00999526  0.0150214  0.0200785  0.0251789  0.0303263  0.0355311  0.0407906   0.046111  0.0514807   0.056898  0.0623387  0.0677891  0.0732075  0.0785628  0.0837912  0.0888396  0.0936192  0.0980548   0.102036   0.105476   0.108259   0.110308   0.111534   0.111904   0.111386    0.11001   0.107811   0.104875   0.101281  0.0971413  0.0925441  0.0875983  0.0823789  0.0769736  0.0714354  0.0658268   0.060179  0.0545323  0.0489005  0.0433066  0.0377523  0.0322479  0.0267877   0.021373   0.015994   0.010646 0.00531755          0 
         0  0.0053781  0.0107707    0.01619  0.0216514  0.0271638  0.0327418   0.038389  0.0441174   0.049923  0.0558118  0.0617686  0.0677891  0.0738416   0.079905  0.0859246  0.0918551  0.0976114   0.103117   0.108255   0.112918   0.116964   0.120276   0.122717   0.124201   0.124646   0.124043     0.1224   0.119798   0.116324   0.112112   0.107281    0.10197   0.096287  0.0903478  0.0842284  0.0780128   0.071746  0.0654816  0.0592405  0.0530529  0.0469232  0.0408652  0.0348729   0.028949  0.0230817  0.0172662  0.0114881 0.00573752          0 
         0 0.00575138  0.0115193  0.0173221  0.0231735  0.0290923  0.0350881  0.0411785  0.0473671  0.0536678   0.060075  0.0665948  0.0732075   0.079905  0.0866464  0.0933999   0.100093    0.10666   0.112984   0.118957   0.124417   0.129215   0.133165   0.136114   0.137908   0.138466    0.13774   0.135778   0.132658   0.128537   0.123564   0.117926    0.11177   0.105257  0.0984967  0.0916028  0.0846413  0.0776835  0.0707608  0.0639127  0.0571473  0.0504825  0.0439124  0.0374407  0.0310537  0.0247463  0.0185009  0.0123064 0.00614447          0 
         0 0.00610811  0.0122371  0.0184057  0.0246361  0.0309438  0.0373514  0.0438698    0.05052  0.0573061  0.0642443  0.0713279  0.0785628  0.0859246  0.0933999   0.100936   0.108485   0.115949   0.123232   0.130172   0.136608   0.142316   0.147083   0.150666   0.152881   0.153572   0.152705   0.150313   0.146551   0.141603   0.135711   0.129088   0.121954   0.114474   0.106805  0.0990446  0.0912893  0.0835859  0.0759858  0.0685023  0.0611582  0.0539473  0.0468746  0.0399237  0.0330888  0.0263487  0.0196906  0.0130922 0.00653596          0 
         0 0.00644602  0.0129154  0.0194336  0.0260214  0.0327057   0.039504  0.0464435  0.0535371  0.0608102  0.0682683   0.075931  0.0837912  0.0918551   0.100093   0.108485    0.11696   0.125451   0.133821   0.141923   0.149527   0.156388   0.162186   0.166619   0.169378   0.170267   0.169193    0.16625    0.16163   0.155643    0.14859   0.140789   0.132486   0.123908   0.115204   0.106507  0.0978855  0.0894078  0.0810941  0.0729723  0.0650358    0.05729   0.049715  0.0423032   0.035029  0.0278773  0.0208209  0.0138398 0.00690721          0 
         0 0.00676056  0.0135493  0.0203919  0.0273189  0.0343537  0.0415282  0.0488632  0.0563914  0.0641293   0.072108  0.0803365  0.0888396  0.0976114    0.10666   0.115949   0.125451   0.135073    0.14471    0.15417   0.163223   0.171524   0.178688   0.184247   0.187777   0.188927   0.187586   0.183863   0.178111    0.17075   0.162249   0.152992   0.143322    0.13347   0.123625   0.113893   0.104363  0.0950656  0.0860327  0.0772568  0.0687415  0.0604619   0.052407  0.0445451  0.0368574  0.0293108  0.0218822  0.0145391 0.00725524          0 
         0 0.00704923  0.0141291  0.0212727  0.0285087  0.0358729  0.0433921  0.0511049  0.0590362  0.0672267  0.0756981  0.0844906  0.0936192   0.103117   0.112984   0.123232   0.133821    0.14471   0.155776   0.166859   0.177669    0.18783   0.196796   0.203939   0.208557   0.210112    0.20836   0.203542   0.196199    0.18703   0.176663   0.165641   0.154342   0.143052   0.131933   0.121105   0.110609   0.100483  0.0907143  0.0813017  0.0722116  0.0634266  0.0549061  0.0466259  0.0385448  0.0306353  0.0228581  0.0151835 0.00757469          0 
         0 0.00730724  0.0146499  0.0220612  0.0295796  0.0372371  0.0450761  0.0531281  0.0614399  0.0700431  0.0789889  0.0883084  0.0980548   0.108255   0.118957   0.130172   0.141923    0.15417   0.166859    0.17982     0.1928   0.205332   0.216763   0.226154   0.232438   0.234605   0.232234   0.225747   0.216149    0.20451   0.191764   0.178568   0.165384   0.152465    0.13998   0.127984   0.116513   0.105543  0.0950635  0.0850243  0.0753965  0.0661266  0.0571808  0.0485075  0.0400722  0.0318275  0.0237385   0.015762  0.0078624          0 
         0 0.00753225   0.015102  0.0227497  0.0305113  0.0384317   0.046547  0.0549077   0.063552  0.0725375  0.0819061  0.0917236   0.102036   0.112918   0.124417   0.136608   0.149527   0.163223   0.177669     0.1928   0.208377   0.223972    0.23877   0.251515   0.260434   0.263674   0.260226   0.251098   0.238142    0.22313   0.207317   0.191518   0.176159   0.161477   0.147539   0.134367   0.121914    0.11014  0.0989719  0.0883577  0.0782237   0.068521   0.059183  0.0501652  0.0414091  0.0328733  0.0245064  0.0162683 0.00811295          0 
         0 0.00771973  0.0154812  0.0233241  0.0312942  0.0394312   0.047787  0.0564037  0.0653418  0.0746489  0.0843972  0.0946436   0.105476   0.116964   0.129215   0.142316   0.156388   0.171524    0.18783   0.205332   0.223972    0.24341   0.262867   0.280703   0.294147   0.299431   0.293935   0.280278   0.262227   0.242553   0.222893   0.204027   0.186292   0.169746   0.154362   0.140032   0.126664   0.114133   0.102351  0.0912111  0.0806404  0.0705505  0.0608818  0.0515612  0.0425379  0.0337504  0.0251528  0.0166919 0.00832356          0 
         0 0.00786798  0.0157789  0.0237789  0.0319101  0.0402243  0.0487659  0.0575953  0.0667624  0.0763404  0.0863901  0.0970031   0.108259   0.120276   0.133165   0.147083   0.162186   0.178688   0.196796   0.216763    0.23877   0.262867   0.288584   0.314321   0.336021   0.346007   0.335806    0.31389   0.287936   0.261997   0.237676   0.215439   0.195236   0.176885   0.160131   0.144766   0.130576   0.117403   0.105088  0.0935187  0.0825762  0.0721782  0.0622323  0.0526745  0.0434307  0.0344474  0.0256626  0.0170279 0.00848941          0 
         0 0.00797328  0.0159926  0.0241023   0.032353  0.0407901   0.049472   0.058449  0.0677916  0.0775601  0.0878433    0.09872   0.110308   0.122717   0.136114   0.150666   0.166619   0.184247   0.203939   0.226154   0.251515   0.280703   0.314321   0.351975   0.389649    0.41277   0.389432    0.35154   0.313666   0.279825   0.250411   0.224818   0.202363   0.182426   0.164544   0.148327   0.133499   0.119815   0.107104  0.0951997  0.0839891  0.0733537  0.0632118  0.0534737  0.0440757  0.0349458  0.0260299  0.0172676 0.00860875          0 
         0 0.00803505  0.0161161  0.0242923  0.0326095  0.0411234   0.049883  0.0589545   0.068395  0.0782868  0.0887031  0.0997517   0.111534   0.124201   0.137908   0.152881   0.169378   0.187777   0.208557   0.232438   0.260434   0.294147   0.336021   0.389649    0.45783   0.526031   0.457612   0.389212   0.335363   0.293265   0.259324   0.231094   0.206974   0.185947   0.167291   0.150529   0.135279   0.121283   0.108313  0.0962111  0.0848267  0.0740552  0.0637877  0.0539479  0.0444524  0.0352402  0.0262435  0.0174088 0.00867804          0 
         0 0.00805086  0.0161494  0.0243414  0.0326795  0.0412111  0.0499972  0.0590909  0.0685665  0.0784892  0.0889544   0.100049   0.111904   0.124646   0.138466   0.153572   0.170267   0.188927   0.210112   0.234605   0.263674   0.299431   0.346007    0.41277   0.526031   0.775912   0.525813   0.412333   0.345349   0.298549   0.262563   0.233261   0.208528   0.187095   0.168179   0.151218   0.135835   0.121725   0.108679  0.0965052  0.0850733  0.0742527   0.063953  0.0540778  0.0445585  0.0353192  0.0263028  0.0174462 0.00869713          0 
         0 0.00802157  0.0160892  0.0242521  0.0325561  0.0410569  0.0498037  0.0588626  0.0682909   0.078171  0.0885758  0.0996135   0.111386   0.124043    0.13774   0.152705   0.169193   0.187586    0.20836   0.232234   0.260226   0.293935   0.335806   0.389432   0.457612   0.525813   0.457395   0.388996    0.33515   0.293056   0.259119   0.230894   0.206781    0.18576   0.167113   0.150359   0.135118   0.121132   0.108172  0.0960814  0.0847086   0.073949  0.0636939  0.0538668  0.0443844  0.0351855  0.0262023  0.0173813 0.00866424          0 
         0 0.00794626  0.0159387  0.0240216  0.0322458  0.0406568  0.0493131   0.058265  0.0675831  0.0773279  0.0875883   0.098443    0.11001     0.1224   0.135778   0.150313    0.16625   0.183863   0.203542   0.225747   0.251098   0.280278    0.31389    0.35154   0.389212   0.412333   0.388996   0.351108   0.313239   0.279406       0.25   0.224418   0.201976   0.182052   0.164186   0.147986   0.133177   0.119512   0.106822  0.0949398  0.0837523  0.0731409  0.0630239  0.0533113  0.0439394  0.0348361  0.0259473  0.0172123 0.00858109          0 
         0 0.00782732  0.0156977  0.0236574  0.0317488  0.0400237  0.0485268  0.0573183  0.0664487  0.0759909  0.0860063  0.0965862   0.107811   0.119798   0.132658   0.146551    0.16163   0.178111   0.196199   0.216149   0.238142   0.262227   0.287936   0.313666   0.335363   0.345349    0.33515   0.313239   0.287293   0.261365   0.237057   0.214836   0.194652   0.176322   0.159592   0.144253    0.13009   0.116947   0.104663  0.0931274  0.0822197  0.0718578  0.0619493    0.05243  0.0432256  0.0342823  0.0255383  0.0169447 0.00844778          0 
         0 0.00766528  0.0153725  0.0231615  0.0310782  0.0391626  0.0474666  0.0560328  0.0649215  0.0741808  0.0838829  0.0940852   0.104875   0.116324   0.128537   0.141603   0.155643    0.17075    0.18703    0.20451    0.22313   0.242553   0.261997   0.279825   0.293265   0.298549   0.293056   0.279406   0.261365   0.241705   0.222064   0.203219   0.185509   0.168991   0.153639   0.139344   0.126012   0.113521   0.101782  0.0906868  0.0801627  0.0701214  0.0605026  0.0512336   0.042263  0.0335293  0.0249863  0.0165805 0.00826779          0 
         0  0.0074638  0.0149654  0.0225452  0.0302398   0.038094  0.0461443  0.0544413  0.0630236  0.0719489  0.0812595  0.0910212   0.101281   0.112112   0.123564   0.135711    0.14859   0.162249   0.176663   0.191764   0.207317   0.222893   0.237676   0.250411   0.259324   0.262563   0.259119       0.25   0.237057   0.222064   0.206274   0.190501   0.175174   0.160528   0.146629   0.133501   0.121095   0.109371  0.0982563  0.0876982  0.0776229  0.0679811  0.0587063  0.0497532  0.0410635  0.0325953   0.024297  0.0161283 0.00804282          0 
         0 0.00722456  0.0144848  0.0218142  0.0292515  0.0368291  0.0445894  0.0525645  0.0608012  0.0693318  0.0782072  0.0874593  0.0971413   0.107281   0.117926   0.129088   0.140789   0.152992   0.165641   0.178568   0.191518   0.204027   0.215439   0.224818   0.231094   0.233261   0.230894   0.224418   0.214836   0.203219   0.190501   0.177338   0.164192   0.151317    0.13888   0.126936   0.115522   0.104613  0.0941979  0.0842267    0.07467  0.0654739  0.0566043  0.0480095  0.0396544  0.0314914  0.0234854  0.0155927 0.00777762          0 
         0 0.00695199   0.013935  0.0209823   0.028123   0.035393  0.0428197  0.0504419   0.058285  0.0663896  0.0747783  0.0834912  0.0925441    0.10197    0.11177   0.121954   0.132486   0.143322   0.154342   0.165384   0.176159   0.186292   0.195236   0.202363   0.206974   0.208528   0.206781   0.201976   0.194652   0.185509   0.175174   0.164192   0.152938   0.141699   0.130637   0.119871   0.109442  0.0993878  0.0896953  0.0803627  0.0713564  0.0626582  0.0542277  0.0460397  0.0380532  0.0302398  0.0225603  0.0149843 0.00747495          0 
         0 0.00664844  0.0133254   0.020057   0.026874  0.0338002   0.040868  0.0480984  0.0555246  0.0631634  0.0710464  0.0791831  0.0875983   0.096287   0.105257   0.114474   0.123908    0.13347   0.143052   0.152465   0.161477   0.169746   0.176885   0.182426   0.185947   0.187095    0.18576   0.182052   0.176322   0.168991   0.160528   0.151317   0.141699   0.131906   0.122127   0.112467   0.103015  0.0938005  0.0848556  0.0761725   0.067754   0.059575  0.0516238  0.0438685  0.0362899  0.0288544  0.0215385  0.0143093 0.00714013          0 
         0 0.00631861   0.012661   0.019053  0.0255158  0.0320766  0.0387535   0.045574  0.0525515  0.0597117  0.0670609  0.0746187  0.0823789  0.0903478  0.0984967   0.106805   0.115204   0.123625   0.131933    0.13998   0.147539   0.154362   0.160131   0.164544   0.167291   0.168179   0.167113   0.164186   0.159592   0.153639   0.146629    0.13888   0.130637   0.122127   0.113498   0.104883  0.0963503  0.0879673  0.0797543   0.071738  0.0639121  0.0562807   0.048824  0.0415335  0.0343835  0.0273582    0.02043  0.0135785 0.00677631          0 
         0 0.00596499  0.0119513   0.017978  0.0240679  0.0302369  0.0365079  0.0428925  0.0494119   0.056071  0.0628862  0.0698518  0.0769736  0.0842284  0.0916028  0.0990446   0.106507   0.113893   0.121105   0.127984   0.134367   0.140032   0.144766   0.148327   0.150529   0.151218   0.150359   0.147986   0.144253   0.139344   0.133501   0.126936   0.119871   0.112467   0.104883  0.0972154  0.0895603  0.0819642  0.0744774  0.0671133  0.0598935  0.0528117  0.0458721   0.039058  0.0323627  0.0257649   0.019251  0.0127983 0.00638877          0 
         0 0.00559205  0.0112012   0.016846  0.0225409   0.028305  0.0341486  0.0400897  0.0461325  0.0522913  0.0585613  0.0649489  0.0714354  0.0780128  0.0846413  0.0912893  0.0978855   0.104363   0.110609   0.116513   0.121914   0.126664   0.130576   0.133499   0.135279   0.135835   0.135118   0.133177    0.13009   0.126012   0.121095   0.115522   0.109442   0.103015  0.0963503  0.0895603  0.0827114  0.0758735  0.0690779   0.062363  0.0557368  0.0492161  0.0427946  0.0364755  0.0302445  0.0240956   0.018011  0.0119789 0.00598047          0 
         0 0.00520206  0.0104191  0.0156639  0.0209522  0.0262936  0.0317031  0.0371851  0.0427518  0.0484002  0.0541367  0.0599469  0.0658268   0.071746  0.0776835  0.0835859  0.0894078  0.0950656   0.100483   0.105543    0.11014   0.114133   0.117403   0.119815   0.121283   0.121725   0.121132   0.119512   0.116947   0.113521   0.109371   0.104613  0.0993878  0.0938005  0.0879673  0.0819642  0.0758735  0.0697403  0.0636169   0.057524  0.0514907  0.0455211  0.0396278  0.0338048  0.0280534  0.0223618  0.0167242  0.0111258 0.00555609          0 
         0 0.00479891 0.00960917  0.0144435  0.0193105  0.0242229  0.0291851  0.0342078  0.0392895  0.0444364  0.0496381  0.0548933   0.060179  0.0654816  0.0707608  0.0759858  0.0810941  0.0860327  0.0907143  0.0950635  0.0989719   0.102351   0.105088   0.107104   0.108313   0.108679   0.108172   0.106822   0.104663   0.101782  0.0982563  0.0941979  0.0896953  0.0848556  0.0797543  0.0744774  0.0690779  0.0636169  0.0581253  0.0526421  0.0471809  0.0417633  0.0363909  0.0310727  0.0258027  0.0205813  0.0153981  0.0102477 0.00511809          0 
         0  0.0043844 0.00877856  0.0131904  0.0176301  0.0221023  0.0266162  0.0311716  0.0357745  0.0404177  0.0451017  0.0498093  0.0545323  0.0592405  0.0639127  0.0685023  0.0729723  0.0772568  0.0813017  0.0850243  0.0883577  0.0912111  0.0935187  0.0951997  0.0962111  0.0965052  0.0960814  0.0949398  0.0931274  0.0906868  0.0876982  0.0842267  0.0803627  0.0761725   0.071738  0.0671133   0.062363   0.057524  0.0526421  0.0477383  0.0428416  0.0379605  0.0331109  0.0282925  0.0235116  0.0187624  0.0140442 0.00934862 0.00467027          0 
         0 0.00396166 0.00793029  0.0119139  0.0159171  0.0199475   0.024006  0.0280982  0.0322194  0.0363713  0.0405415  0.0447254  0.0489005  0.0530529  0.0571473  0.0611582  0.0650358  0.0687415  0.0722116  0.0753965  0.0782237  0.0806404  0.0825762  0.0839891  0.0848267  0.0850733  0.0847086  0.0837523  0.0822197  0.0801627  0.0776229    0.07467  0.0713564   0.067754  0.0639121  0.0598935  0.0557368  0.0514907  0.0471809  0.0428416  0.0384867  0.0341378  0.0297997  0.0254838  0.0211888  0.0169185  0.0126678 0.00843538 0.00421438          0 
         0 0.00353197 0.00706983  0.0106179  0.0141824  0.0177648  0.0213702  0.0249958  0.0286441  0.0323065  0.0359807  0.0396504  0.0433066  0.0469232  0.0504825  0.0539473    0.05729  0.0604619  0.0634266  0.0661266   0.068521  0.0705505  0.0721782  0.0733537  0.0740552  0.0742527   0.073949  0.0731409  0.0718578  0.0701214  0.0679811  0.0654739  0.0626582   0.059575  0.0562807  0.0528117  0.0492161  0.0455211  0.0417633  0.0379605  0.0341378  0.0303043  0.0264757  0.0226543   0.018848   0.015055  0.0112774  0.0075107 0.00375326          0 
         0 0.00309764 0.00619915 0.00930923  0.0124298  0.0155652  0.0187141  0.0218793  0.0250549  0.0282406  0.0314245  0.0346015  0.0377523  0.0408652  0.0439124  0.0468746   0.049715   0.052407  0.0549061  0.0571808   0.059183  0.0608818  0.0622323  0.0632118  0.0637877   0.063953  0.0636939  0.0630239  0.0619493  0.0605026  0.0587063  0.0566043  0.0542277  0.0516238   0.048824  0.0458721  0.0427946  0.0396278  0.0363909  0.0331109  0.0297997  0.0264757  0.0231444   0.019817  0.0164941  0.0131811 0.00987588 0.00657931 0.00328798          0 
         0 0.00265943 0.00532212 0.00799008  0.0106668   0.013352  0.0160483  0.0187522  0.0214642  0.0241763  0.0268857  0.0295787  0.0322479  0.0348729  0.0374407  0.0399237  0.0423032  0.0445451  0.0466259  0.0485075  0.0501652  0.0515612  0.0526745  0.0534737  0.0539479  0.0540778  0.0538668  0.0533113    0.05243  0.0512336  0.0497532  0.0480095  0.0460397  0.0438685  0.0415335   0.039058  0.0364755  0.0338048  0.0310727  0.0282925  0.0254838  0.0226543   0.019817   0.016975  0.0141359  0.0112995 0.00846905 0.00564267 0.00282046          0 
         0 0.00221895  0.0044398 0.00666507 0.00889522  0.0111324  0.0133749  0.0156236  0.0178734   0.020123  0.0223632  0.0245896  0.0267877   0.028949  0.0310537  0.0330888   0.035029  0.0368574  0.0385448  0.0400722  0.0414091  0.0425379  0.0434307  0.0440757  0.0444524  0.0445585  0.0443844  0.0439394  0.0432256   0.042263  0.0410635  0.0396544  0.0380532  0.0362899  0.0343835  0.0323627  0.0302445  0.0280534  0.0258027  0.0235116  0.0211888   0.018848  0.0164941  0.0141359  0.0117748 0.00941572 0.00705815  0.0047038  0.0023512          0 
         0 0.00177655 0.00355469 0.00533519 0.00711977 0.00890768     0.0107  0.0124938  0.0142888  0.0160791  0.0178622  0.0196286   0.021373  0.0230817  0.0247463  0.0263487  0.0278773  0.0293108  0.0306353  0.0318275  0.0328733  0.0337504  0.0344474  0.0349458  0.0352402  0.0353192  0.0351855  0.0348361  0.0342823  0.0335293  0.0325953  0.0314914  0.0302398  0.0288544  0.0273582  0.0257649  0.0240956  0.0223618  0.0205813  0.0187624  0.0169185   0.015055  0.0131811  0.0112995 0.00941572 0.00753044 0.00564646 0.00376317 0.00188134          0 
         0 0.00133321 0.00266722 0.00400317   0.005341 0.00668167 0.00802369  0.0093673  0.0107091  0.0120479  0.0133779  0.0146962   0.015994  0.0172662  0.0185009  0.0196906  0.0208209  0.0218822  0.0228581  0.0237385  0.0245064  0.0251528  0.0256626  0.0260299  0.0262435  0.0263028  0.0262023  0.0259473  0.0255383  0.0249863   0.024297  0.0234854  0.0225603  0.0215385    0.02043   0.019251   0.018011  0.0167242  0.0153981  0.0140442  0.0126678  0.0112774 0.00987588 0.00846905 0.00705815 0.00564646 0.00423406 0.00282239 0.00141097          0 
         0 0.000889072 0.00177877 0.00266929 0.00356132 0.00445431 0.00534864 0.00624262 0.00713595 0.00802551 0.00890993 0.00978432   0.010646  0.0114881  0.0123064  0.0130922  0.0138398  0.0145391  0.0151835   0.015762  0.0162683  0.0166919  0.0170279  0.0172676  0.0174088  0.0174462  0.0173813  0.0172123  0.0169447  0.0165805  0.0161283  0.0155927  0.0149843  0.0143093  0.0135785  0.0127983  0.0119789  0.0111258  0.0102477 0.00934862 0.00843538  0.0075107 0.00657931 0.00564267  0.0047038 0.00376317 0.00282239 0.00188136 0.000940654          0 
         0 0.000444639 0.000889486 0.00133487 0.00178069 0.00222723 0.00267393 0.00312079 0.00356663 0.00401103 0.00445197 0.00488846 0.00531755 0.00573752 0.00614447 0.00653596 0.00690721 0.00725524 0.00757469  0.0078624 0.00811295 0.00832356 0.00848941 0.00860875 0.00867804 0.00869713 0.00866424 0.00858109 0.00844778 0.00826779 0.00804282 0.00777762 0.00747495 0.00714013 0.00677631 0.00638877 0.00598047 0.00555609 0.00511809 0.00467027 0.00421438 0.00375326 0.00328798 0.00282046  0.0023512 0.00188134 0.00141097 0.000940654 0.000470286          0 
         0          0          0          0          0          0          0          0          0          0          0          0          0          0          0          0          0          0          0          0          0          0          0          0          0          0          0          0          0          0          0          0          0          0          0          0          0          0          0          0          0          0          0          0          0          0          0          0          0          0 