         0           0           0           0           0           0           0           0           0           0  
         0  -0.00983345  -0.0196669  -0.0289646  -0.0362047  -0.0386077  -0.0340121  -0.0245106  -0.0127047           0  
         0  -0.0196669  -0.0398268  -0.0599867  -0.0770396  -0.0842141  -0.0730327  -0.0513256  -0.0261454           0  
         0  -0.0289646  -0.0599867  -0.0938697   -0.127753   -0.148099   -0.122579  -0.0821317  -0.0405512           0  
         0  -0.0362047  -0.0770396   -0.127753   -0.192801    -0.25785   -0.186435   -0.114071  -0.0535328           0  
         0  -0.0386077  -0.0842141   -0.148099    -0.25785   -0.504545   -0.251239   -0.133429  -0.0595093           0  
         0  -0.0340121  -0.0730327   -0.122579   -0.186435   -0.251239   -0.180068   -0.108897  -0.0508415           0  
         0  -0.0245106  -0.0513256  -0.0821317   -0.114071   -0.133429   -0.108897  -0.0719284  -0.0349596           0  
         0  -0.0127047  -0.0261454  -0.0405512  -0.0535328  -0.0595093  -0.0508415  -0.0349596  -0.0174798           0  
         0           0           0           0           0           0           0           0           0           0  
